139
241 240
239 232
232 220
229 216
228 205
222 195
217 182
213 168
215 159
211 154
207 149
205 155
205 165
205 163
200 160
200 163
204 167
206 173
212 185
213 190
212 206
219 218
226 230
230 238
232 248
230 257
225 264
227 271
228 278
228 289
234 299
236 306
228 317
220 330
207 343
202 350
200 357
202 359
212 359
224 353
232 350
242 350
244 349
247 360
249 369
255 385
256 390
259 402
257 408
255 424
255 434
255 450
255 458
255 466
257 474
256 478
256 483
262 483
266 472
270 460
275 455
272 450
267 444
270 436
270 427
272 413
273 406
271 391
271 374
271 356
270 341
270 341
270 341
278 332
288 329
308 327
328 327
337 328
358 327
380 328
388 331
401 331
408 333
417 334
431 324
425 320
415 321
407 321
398 321
382 319
365 317
356 313
342 315
328 309
331 304
336 295
338 290
327 286
300 289
282 286
269 283
272 271
280 264
291 263
304 263
316 262
326 257
336 261
343 261
350 258
355 256
355 256
342 251
328 255
324 252
304 252
291 252
282 250
276 245
267 240
267 240
270 232
276 227
280 220
278 210
279 204
268 197
263 199
260 198
247 196
246 206
248 206
254 211
254 217
257 225
254 234
249 240
240 241
240 240
