238
269 292
259 288
251 292
244 298
240 285
230 276
200 273
194 283
190 291
190 291
181 283
172 271
162 261
150 255
143 250
133 248
129 262
129 274
133 289
135 306
139 319
141 335
144 346
150 361
158 377
165 390
165 390
165 390
150 385
125 363
113 345
104 334
85 329
68 349
61 323
55 299
48 274
42 268
33 264
20 263
24 244
42 223
72 191
105 169
136 154
167 150
194 139
213 139
246 142
246 154
240 151
240 151
231 157
224 169
222 191
224 209
242 234
275 251
282 237
295 232
306 219
301 210
294 208
284 213
275 217
268 223
256 226
259 217
265 212
264 202
270 197
271 185
269 171
266 165
272 159
272 148
273 136
273 136
280 137
278 149
278 161
275 170
277 179
278 189
278 189
281 180
281 169
279 161
287 158
294 149
304 134
305 146
296 156
288 167
287 171
294 167
302 157
307 150
306 158
303 164
293 172
286 178
285 188
290 188
297 181
300 172
309 167
319 158
321 159
312 170
303 179
309 185
319 191
331 199
338 217
337 227
330 242
322 256
340 257
370 228
379 197
380 169
368 152
350 133
360 136
386 137
425 145
451 156
490 178
515 200
536 228
550 247
574 278
558 268
543 278
529 307
529 330
530 344
528 354
512 340
497 335
478 338
463 347
452 360
419 403
434 372
445 339
456 297
461 274
451 260
430 252
420 265
397 288
397 288
396 277
378 274
369 272
354 285
340 307
340 307
335 302
327 302
318 310
320 316
320 322
316 335
319 337
323 330
326 323
327 335
327 344
325 356
318 367
313 387
306 402
301 407
298 402
299 392
299 378
299 378
299 376
293 398
287 408
276 420
274 442
272 454
273 470
280 482
288 493
300 497
317 499
332 497
342 493
362 485
371 472
372 458
363 442
347 442
320 458
327 446
339 437
361 435
375 442
382 453
381 471
379 480
374 490
367 497
351 502
334 509
318 511
302 514
288 513
275 504
262 493
255 464
252 441
256 420
271 402
278 391
288 378
285 378
280 383
274 391
270 396
266 400
262 396
265 390
270 381
271 371
271 371
262 371
265 356
267 342
272 328
281 319
278 311
267 292
